
state={
	id=178
	name="STATE_178"
	manpower = 18213225
	
	state_category = large_city
	resources={
		aluminium=5
		chromium=3
		oil=4
		rubber=0
		steel=7
		tungsten=4
	}

	history={
		victory_points = { 5019 13}
		victory_points = { 5023 4}
		victory_points = { 5095 27}
		
		owner = MAT
		buildings = {
			infrastructure = 2
			air_base = 1
			arms_factory = 2
			industrial_complex = 2
			
			
		}
		add_core_of = MAT
	}

	provinces={
		4976 4977 4978 4979 4980 4981 4982 4983 4984 4985 4986 4987 4988 4989 4990 4991 4992 4993 4994 4995 4996 4997 4998 4999 5000 5001 5002 5003 5004 5005 5006 5007 5008 5009 5010 5011 5012 5013 5014 5015 5016 5017 5018 5019 5020 5021 5022 5023 5024 5025 5026 5027 5028 5029 5030 5031 5032 5033 5034 5035 5036 5037 5038 5039 5040 5041 5042 5043 5044 5045 5046 5047 5048 5049 5050 5051 5052 5053 5054 5055 5056 5057 5058 5059 5060 5061 5062 5063 5064 5065 5066 5067 5068 5069 5070 5071 5072 5073 5074 5075 5076 5077 5078 5079 5080 5081 5082 5083 5084 5085 5086 5087 5088 5089 5090 5091 5092 5093 5094 5095 5096 5097 5098 5099 5100 5101 5102 5103 5104 5105 
	}
	local_supplies=0.0 
}
