
state={
	id=447
	name="STATE_447"
	manpower = 12369871
	
	state_category = city
	resources={
		aluminium=2
		chromium=10
		oil=1
		rubber=198
		steel=5
		tungsten=2
	}

	history={
		victory_points = { 12260 29}
		
		owner = PON
		buildings = {
			infrastructure = 2
			
			arms_factory = 0
			industrial_complex = 2
			
			12199 = {
				naval_base = 1
			}
			
		}
		add_core_of = PON
	}

	provinces={
		12188 12189 12190 12191 12192 12193 12194 12195 12196 12197 12198 12199 12200 12201 12202 12203 12204 12205 12206 12207 12208 12209 12210 12211 12212 12213 12214 12215 12216 12217 12218 12219 12220 12221 12222 12223 12224 12225 12226 12227 12228 12229 12230 12231 12232 12233 12234 12235 12236 12237 12238 12239 12240 12241 12242 12243 12244 12245 12246 12247 12248 12249 12250 12251 12252 12253 12254 12255 12256 12257 12258 12259 12260 12261 12262 12263 12264 12265 12266 12267 12268 12269 12270 12271 12272 12273 12274 12275 12276 12277 12278 12279 12280 12281 12282 12283 12284 12285 12286 12287 12288 12289 12290 12291 
	}
	local_supplies=0.0 
}
