
state={
	id=449
	name="STATE_449"
	manpower = 14015573
	
	state_category = city
	resources={
		aluminium=2
		chromium=0
		oil=5
		rubber=172
		steel=8
		tungsten=3
	}

	history={
		victory_points = { 12329 1}
		victory_points = { 12381 30}
		
		owner = PON
		buildings = {
			infrastructure = 2
			
			arms_factory = 1
			industrial_complex = 0
			dockyard = 1
			12329 = {
				naval_base = 1
			}
			
		}
		add_core_of = PON
	}

	provinces={
		12319 12320 12321 12322 12323 12324 12325 12326 12327 12328 12329 12330 12331 12332 12333 12334 12335 12336 12337 12338 12339 12340 12341 12342 12343 12344 12345 12346 12347 12348 12349 12350 12351 12352 12353 12354 12355 12356 12357 12358 12359 12360 12361 12362 12363 12364 12365 12366 12367 12368 12369 12370 12371 12372 12373 12374 12375 12376 12377 12378 12379 12380 12381 12382 12383 12384 12385 12386 12387 12388 12389 12390 12391 12392 12393 12394 12395 12396 12397 12398 12399 12400 12401 12402 12403 12404 12405 12406 12407 12408 12409 12410 12411 12412 12413 12414 12415 12416 12417 12418 12419 12420 12421 12422 12423 12424 12425 12426 12427 12428 12429 12430 12431 12432 12433 12434 12435 
	}
	local_supplies=0.0 
}
