strategic_region={
	id=286
	name="STRATEGICREGION_286"
	provinces={
		12043 12044 12045 12050 12051 12053 12063 12067 12075 12080 12082 12083 12084 12085 12086 12089 12094 12188 12189 12190 12191 12192 12193 12194 12195 12196 12197 12198 12199 12200 12201 12202 12203 12204 12205 12206 12207 12208 12209 12210 12211 12212 12213 12214 12215 12216 12217 12218 12219 12220 12221 12222 12223 12224 12225 12226 12227 12228 12229 12230 12231 12232 12233 12234 12235 12236 12237 12238 12239 12240 12241 12242 12243 12244 12245 12246 12247 12248 12249 12250 12251 12252 12253 12254 12255 12256 12257 12258 12259 12260 12261 12262 12263 12264 12265 12266 12267 12268 12269 12270 12271 12272 12273 12274 12275 12276 12277 12278 12279 12280 12281 12282 12283 12284 12285 12286 12287 12288 12289 12290 12291 13011 13012 13013 13015 13016 13024 13025 13026 13028 13029 13031 13034 13035 13036 13037 13038 13039 13040 13041 13042 13044 13045 13056 13061 19670 19671 19673 19674 20666 
	}
	weather={
		period={
			between={ 0.0 30.0 }
			temperature={ -10.0 35.0 }
			no_phenomenon=1.5
			rain_light=0.25
			rain_heavy=0.1
			snow=0
			blizzard=0
			arctic_water=0
			mud=0
			sandstorm=0
			min_snow_level=0
		}
		period={
			between={ 0.0 30.0 }
			temperature={ -10.0 35.0 }
			no_phenomenon=1.5
			rain_light=0.25
			rain_heavy=0.1
			snow=0
			blizzard=0
			arctic_water=0
			mud=0
			sandstorm=0
			min_snow_level=0
		}
		period={
			between={ 0.0 1.2 }
			temperature={ -10.0 35.0 }
			no_phenomenon=1.5
			rain_light=0.25
			rain_heavy=0.1
			snow=0
			blizzard=0
			arctic_water=0
			mud=0
			sandstorm=0
			min_snow_level=0
		}
		period={
			between={ 0.0 29.0 }
			temperature={ -10.0 35.0 }
			no_phenomenon=1.5
			rain_light=0.25
			rain_heavy=0.1
			snow=0
			blizzard=0
			arctic_water=0
			mud=0
			sandstorm=0
			min_snow_level=0
		}
	}
}
