strategic_region={
	id=58
	name="STRATEGICREGION_58"
	provinces={
		26 29 30 31 37 38 40 42 300 301 302 303 304 305 306 307 308 309 311 312 313 314 315 316 317 318 320 321 322 323 324 325 326 327 328 330 331 332 333 334 335 336 337 338 339 340 341 342 344 345 346 347 348 349 351 353 354 355 356 357 358 359 360 361 362 363 493 590 591 592 593 594 595 596 597 598 599 600 601 602 603 604 605 606 607 608 609 610 611 612 613 614 615 616 617 618 619 620 621 622 623 624 625 626 627 628 629 630 631 632 633 634 635 636 637 638 639 640 641 642 643 646 662 664 1114 1129 1143 1147 1149 1164 1166 1171 1751 1752 1755 1757 1758 1760 1762 1763 1765 1768 1769 1770 1772 1773 1774 1994 1995 1996 2001 2002 2003 2006 2007 2008 2009 2010 2012 2013 2014 2015 2016 2017 2018 2019 2020 2021 2022 2023 2024 2025 2026 2027 2028 2029 2030 2031 2032 2033 2034 2035 2036 2037 2038 2039 2040 2041 2042 2043 2044 2045 2046 2047 2048 2049 2050 2051 2052 2053 2054 2055 2654 2655 2657 2658 2659 2660 2661 2662 2663 2664 2665 2666 2668 2669 2670 2671 2672 2674 2675 2677 2678 2679 2722 2723 2724 2725 2727 2728 2729 2730 2731 2732 2734 2735 2736 2737 2738 2739 2740 2741 2742 2743 2745 2746 2747 2749 2750 2751 2752 2753 2754 2755 2756 2757 4041 4424 4425 4426 4427 4428 4429 4430 4431 4432 4433 4434 4435 4436 4437 4438 4439 4440 4441 4442 4443 4444 4445 4446 4447 4448 4449 4450 4473 4574 4576 
	}
	weather={
		period={
			between={ 0.0 30.2 }
			temperature={ -10.0 35.0 }
			no_phenomenon=1.5
			rain_light=0.25
			rain_heavy=0.1
			snow=0
			blizzard=0
			arctic_water=0
			mud=0
			sandstorm=0
			min_snow_level=0
		}
		period={
			between={ 0.3 30.6 }
			temperature={ -10.0 35.0 }
			no_phenomenon=1.5
			rain_light=0.25
			rain_heavy=0.1
			snow=0
			blizzard=0
			arctic_water=0
			mud=0
			sandstorm=0
			min_snow_level=0
		}
		period={
			between={ 0.7 30.11 }
			temperature={ -10.0 35.0 }
			no_phenomenon=1.5
			rain_light=0.25
			rain_heavy=0.1
			snow=0
			blizzard=0
			arctic_water=0
			mud=0
			sandstorm=0
			min_snow_level=0
		}
	}
}
