1 5 15472 15478 15469 15537 15541 
1 7 15541 15533 15532 15535 15540 15411 15423 
1 3 15423 15403 15514 
1 14 15423 15394 15407 15400 15413 15401 15499 15504 15506 15458 15441 15443 15459 15456 
1 7 16161 16167 16158 16153 16160 16184 16178 
1 2 15701 15555 
1 6 15701 15553 15641 15648 15633 15651 
1 9 15555 15557 15550 15551 15620 15630 15655 15667 15656 
1 3 15656 15657 15613 
1 8 15613 15623 15577 15587 15567 15573 15576 15575 
1 5 15900 15945 15981 15971 15974 
1 6 15974 15962 15957 15967 15926 15941 
1 6 15941 15926 15948 15963 15952 15960 
1 5 5458 5662 5688 5671 5694 
1 35 5458 5427 5495 5464 5426 5503 5431 5476 5452 5485 5493 5470 5487 5436 5443 5489 5483 5460 5428 5425 5435 5465 5498 5444 5491 5484 7853 7862 7835 7842 7861 7821 7839 7830 7825 
1 12 5694 5664 5660 5678 5665 5696 5695 5677 7619 7651 7618 7639 
1 8 7825 7831 7867 7822 7855 7858 7854 5129 
1 5 15081 15086 14957 15076 14991 
1 7 15081 15092 15070 15075 15072 15080 14949 
1 3 14949 14951 15122 
1 6 15081 15061 15037 15029 15023 15046 
1 11 14991 15002 14961 14980 14972 14926 14940 14936 14948 14918 15014 
1 6 9095 9079 9102 9088 9100 8770 
1 6 8770 9787 9789 9802 9812 9808 
1 8 9095 10242 10217 10228 10218 10214 10253 10234 
1 5 9808 9807 9801 9791 9792 
1 2 9792 8356 
1 10 8356 8365 8790 8767 8782 8754 8748 9069 9057 9068 
1 6 8356 8365 8355 8361 9152 9157 
1 4 9157 9151 10387 10380 
1 9 9068 9062 9596 9598 9597 9579 9610 9577 10013 
1 7 10013 10006 10030 8463 10372 10375 8728 
1 6 10380 9854 9014 9004 9022 9007 
1 8 10013 10020 10011 10073 9593 10097 10092 10077 
1 4 9007 9019 9013 9862 
1 4 9862 9511 9523 9519 
1 4 9519 9521 9188 9176 
1 28 8728 8711 8714 8718 8741 8729 8721 8732 8734 8723 8736 8716 8738 8719 8710 8737 8712 8728 8735 10367 10375 10368 10377 8724 8720 8726 8715 8731 
1 6 10077 8593 8602 8635 8595 8596 
1 4 9176 9189 8322 8305 
1 3 8596 8629 10309 
1 8 8305 9181 9179 9183 9635 9623 9624 9630 
1 6 11307 11431 11425 11414 11428 11433 
1 9 11433 11421 11413 11432 11422 10483 10475 10472 10493 
1 4 10493 10474 10989 10991 
1 9 11433 10813 10800 10812 11227 11233 11238 11243 11803 
1 8 10991 10988 11000 10980 10967 11199 11190 11205 
1 11 11803 11797 11801 11346 11348 11116 11636 10927 10944 10909 10928 
1 20 5906 5920 5892 5958 5876 6148 6136 6154 6144 6151 6137 7027 7020 7029 7031 5650 6812 6823 6813 6824 
1 14 6824 6817 6816 5655 5647 5652 5818 5814 5803 5792 5802 5807 5805 5811 
1 6 121 72 100 81 102 3845 
1 7 121 120 92 77 116 98 2938 
1 11 121 72 117 77 88 122 95 113 97 86 4187 
1 8 3845 3834 3872 4215 4208 4201 4195 4216 
1 7 4187 4183 2636 2625 2629 2634 283 
1 4 283 2632 2638 2635 
1 8 283 277 268 296 271 272 289 2138 
1 15 4216 4204 4193 4207 1371 1375 1370 4198 4210 4195 4216 4194 2438 1362 1356 
1 2 1356 2435 
1 12 2138 282 284 260 3917 3898 3909 3905 3885 3913 3887 3919 
1 5 13878 13866 13875 13882 13850 
1 6 13850 13913 13588 13576 14208 14212 
1 7 8813 8817 8826 8819 10052 10041 10050 
1 5 14212 14219 13584 13580 13583 
1 4 14212 14204 14215 13718 
1 3 13718 14162 14161 
1 7 13718 14167 13711 13710 14171 14153 14331 
1 3 8670 9969 9962 
1 7 10050 10047 10048 10051 9946 9941 9944 
1 10 8813 8828 8802 8823 8803 9547 9527 9552 9529 9554 
1 9 9554 9532 9533 9551 9326 9336 9354 9328 9340 
1 3 14331 13591 13592 
1 6 12450 12466 12451 12470 12441 12096 
1 11 15268 15254 15237 15235 15174 15152 15156 15170 15329 15144 15159 
1 2 15159 15320 
1 12 15320 15321 15328 15340 15319 15336 15353 15369 15355 15352 15379 15360 
1 6 15360 15377 15304 15215 15226 15213 
1 5 4792 4800 5624 5637 5625 
1 9 6206 6228 5403 5416 5397 5415 6850 6842 6841 
1 11 6206 6224 5168 5172 5189 5178 5191 5198 5169 5190 6910 
1 16 6910 6873 6879 6906 6870 6869 6892 5284 5283 5301 5294 5287 5316 5296 5286 5300 
1 5 11837 11876 11830 10822 10820 
1 8 10820 10817 10826 10828 11104 11093 11105 11097 
1 17 11837 11876 11831 11845 11819 11875 11828 11864 11840 11873 11834 11758 11740 11761 11751 11739 11756 
1 6 11097 11098 11018 11041 11046 11022 
1 11 10820 10837 10829 10846 10630 10621 10622 10613 10616 10624 10615 
1 5 11097 11101 11102 10729 10746 
1 4 11756 11733 10568 10557 
1 7 10615 10606 10619 10607 10611 10614 11662 
1 4 10615 10775 10776 10790 
1 7 10746 10720 10739 10728 10725 10401 10435 
1 9 11022 11043 11035 11016 11030 10661 10639 10648 10634 
1 8 11662 10509 10498 10506 10514 10507 10500 10502 
1 10 10634 10645 10666 10670 10641 11678 11687 11679 11694 11677 
1 4 11677 11076 11926 11904 
1 7 10634 10659 10646 11521 11514 11511 11526 
1 6 11904 11913 11081 11071 11083 11077 
1 4 11526 11507 11591 11613 
1 7 11613 11949 11943 11938 11939 10674 10694 
1 5 10694 10897 10895 11387 11388 
1 10 11388 11375 11383 11393 11128 11134 11149 10536 10527 10537 
1 2 10537 11133 
1 11 11613 11600 11617 11605 11578 11575 11577 11583 11572 11571 10573 
1 4 10573 11571 10871 10866 
1 9 11133 11121 11136 11164 11147 11320 11339 11321 11336 
1 8 1057 816 831 795 845 835 792 787 
1 8 787 846 800 2593 2618 2604 2601 2611 
1 6 2611 2591 2594 2598 2393 2358 
1 14 2358 2355 2375 2385 2361 2892 2884 4050 2451 2442 2447 2455 981 979 
1 6 2358 2370 3081 3072 3078 3082 
1 5 979 990 976 988 707 
1 3 3082 3070 3103 
1 4 979 674 682 3970 
1 7 3103 3088 3106 3093 3108 1513 1510 
1 7 1510 238 257 239 256 235 244 
1 6 244 247 3826 3811 3819 3808 
1 8 16014 16040 16032 16050 16035 16049 16034 16044 
1 30 8134 8135 8108 8095 8133 8102 8129 8113 8109 8132 8103 8123 8097 8127 8101 8105 8107 8100 8124 8117 8094 8134 8093 8128 8111 8125 8106 8585 8584 8591 
1 3 8134 9234 9229 
1 4 9229 9233 8119 9768 
1 8 8591 8584 8590 8574 8696 8700 8690 8705 
1 6 8591 9196 9192 9195 9843 9833 
1 6 8705 8693 9399 9404 9500 9489 
1 6 9489 9497 9506 9491 8343 8338 
1 5 9833 9846 9838 9305 9311 
1 10 9311 9320 9315 9310 9306 9706 9715 9695 9699 9701 
1 8 9701 9711 9704 9889 9867 9881 9899 9865 
1 9 9701 8401 8412 8405 8406 8416 8395 8408 8419 
1 6 5090 5035 4993 7435 7426 7399 
1 18 5090 5021 5089 4985 5016 4981 5062 4979 4999 5058 4991 5028 6374 6397 6379 6400 6376 6352 
1 17 5090 4982 5096 5074 5043 5025 5056 5029 5082 5023 5051 6452 6498 6523 6488 6494 6489 
1 13 6489 6525 6503 6464 6513 6463 6505 6468 6466 6493 6472 7253 7265 
1 14 7399 7180 7190 7195 5522 5515 5521 5525 5505 8042 8033 8048 8028 8032 
1 12 13458 13447 13477 13492 13448 13471 13450 13470 13459 14232 14224 14235 
1 5 14235 13407 13395 13406 13404 
1 5 13458 13462 13996 13989 13980 
1 2 14235 13839 
1 13 13458 13446 13483 13476 13487 13478 13449 13467 13440 13480 14249 14252 14258 
1 3 14258 14092 14101 
1 5 13404 14369 14371 14362 14367 
1 4 14258 14103 14097 13699 
1 3 14367 13936 13789 
1 7 13699 14513 14506 14520 14505 14390 14383 
1 2 13789 13936 
1 4 14383 14519 14508 14511 
1 3 14511 13323 13324 
1 7 14383 14190 14195 14199 14192 14193 13629 
1 7 13699 13698 13695 13702 13925 13931 14425 
1 8 13629 14289 14294 14269 14286 14272 14279 14307 
1 2 14425 13917 
1 3 13629 14275 14290 
1 3 13324 13325 14148 
1 3 14148 14032 14028 
1 2 14028 14111 
1 4 14290 13510 13497 13509 
1 4 13509 13437 13435 13597 
1 2 13597 13429 
1 11 8972 8991 8967 8984 8968 8979 8987 9734 9731 9653 9672 
1 5 9672 9661 9654 9724 9732 
1 9 8972 8975 8981 8960 8565 8535 8546 8534 8544 
1 14 8544 8568 8162 8173 8260 8199 8176 8273 8136 8222 8254 8144 10126 10119 
1 19 10119 10114 10104 10106 9033 9037 9029 8449 8448 8447 10280 10273 10137 10148 10140 10142 10151 10132 10136 
1 10 10136 10147 10141 10142 10131 10150 9920 10274 10264 10268 
1 7 10136 10192 10185 10182 10189 10186 10178 
1 28 10178 10186 10189 10182 10193 10179 10188 10178 9685 9677 9687 10152 10170 9680 9675 9678 10180 10191 10184 10183 10185 10192 10136 10147 9927 9908 9922 9930 
1 4 10178 9685 9677 9687 
1 2 9687 10152 
1 6 12171 12115 12145 12985 13007 12986 
1 9 12986 12303 12293 12314 12689 12674 12698 12704 12686 
1 17 12171 12135 12186 12158 12133 12136 12142 12117 12156 12906 12904 12935 12926 12942 12907 12941 12911 
1 17 12986 13008 12983 12981 12993 12989 12972 13005 12994 13082 13100 13097 13080 13101 13093 13091 13099 
1 15 13245 13212 13184 13193 13182 13178 12601 12598 12591 12101 12105 12814 12809 12806 12797 
1 10 12797 12799 12818 13069 13065 13071 13062 12570 12576 12582 
1 24 12582 12576 12570 12589 12582 12573 12578 12581 13062 13072 13068 13073 12859 13113 12011 12014 12006 12017 12016 12012 12005 12843 12834 12831 
1 8 13165 13148 13158 12877 12879 12666 12646 12020 
1 14 13165 13148 13158 13149 12893 12880 12896 12882 12892 12868 12560 12553 12558 12542 
1 4 12020 12022 12671 12673 
1 9 12673 12649 13282 13275 13271 13279 13278 13272 13277 
1 7 12354 12371 12321 12363 12616 12635 12619 
1 10 12619 12631 12618 12510 12518 12497 12519 12500 12532 12505 
1 7 12619 12631 12624 12606 12524 12486 12489 
1 9 12505 12515 12531 12509 12527 12521 12748 12735 12743 
1 20 12489 12474 12483 12494 12484 12493 12478 12488 12475 12489 12486 12630 12611 12627 12612 12643 12719 12708 12725 12713 
1 9 12713 12718 12720 12707 12726 13030 13023 13022 13032 
1 15 13032 13058 13028 13042 13040 12252 12290 12233 12289 12207 12229 12262 12246 12224 12199 
1 5 3546 3571 3531 3588 70 
1 12 3546 3533 3601 3520 3513 3592 3527 3535 7 15 24 18 
1 5 70 573 4252 4239 4262 
1 9 18 13 4 3296 3275 3292 3278 3284 3298 
1 9 4262 4229 4249 4269 4250 572 3608 416 364 
1 5 364 369 387 1879 1869 
1 13 2469 2477 2466 2512 2458 2529 2781 892 894 886 887 888 891 
1 6 8524 10202 10210 10207 9253 9279 
1 6 9279 9267 9287 8677 8680 8679 
1 2 8679 10209 
1 6 10209 8994 8998 10343 10365 10349 
1 5 10349 9992 9986 9993 9991 
1 5 332 358 314 328 2311 
1 6 332 317 316 321 346 623 
1 10 332 325 336 308 327 322 2001 1998 1993 2011 
1 5 623 630 2657 2655 2664 
1 6 2664 1757 1769 1762 501 495 
1 6 2011 2005 1416 1419 1422 2696 
1 4 2664 2669 1772 1771 
1 7 2696 2700 2697 2702 3434 3018 2994 
1 8 623 603 613 624 637 597 601 2023 
1 4 2023 2017 2041 2735 
1 9 2011 2714 1416 1421 2074 2060 2067 3671 3672 
1 5 2696 2692 862 874 860 
1 7 3672 3641 3647 3656 3663 1581 1601 
1 7 1771 1767 1764 2667 4480 4470 4468 
1 4 2735 2015 2013 4442 
1 8 4468 4456 4463 1391 1403 464 476 454 
1 4 860 866 1449 1431 
1 8 1431 1430 1448 1435 1176 1187 1174 1177 
1 7 4442 2050 2052 2049 2045 2053 656 
1 8 3672 3641 3648 3637 3650 3253 3259 3269 
1 7 1601 1578 1572 1600 1846 1857 1837 
1 6 454 468 471 1389 1405 1379 
1 9 1431 1434 1451 1958 1946 1936 1944 1953 1935 
1 4 1837 1840 3948 3954 
1 5 1177 3357 3352 3374 3356 
1 3 3269 3314 3331 
1 8 1935 1957 3396 3380 3401 442 433 3923 
1 7 1431 1437 1429 1424 1254 1229 1248 
1 6 1379 1399 4552 4539 4537 4548 
1 8 656 647 658 648 2579 2570 2571 2564 
1 8 3954 3962 3957 3951 4107 4325 4353 4342 
1 5 2564 2582 2572 2870 2869 
1 7 3356 3363 3348 3375 3358 3682 3676 
1 9 1379 1390 2326 2317 2319 2321 4391 4403 753 
1 9 1935 3383 3422 3411 3410 3405 3995 3978 3993 
1 7 1248 1249 1250 1228 1262 2827 2832 
1 3 3676 4297 4298 
1 6 753 4400 4388 4408 4381 4399 
1 4 3993 3979 1987 1978 
1 6 2869 4614 4583 4612 4581 4610 
1 11 3923 3933 1463 1470 1467 1461 2084 2079 2078 2088 2086 
1 14 2086 2090 1280 1282 1284 1283 3121 3138 3116 3129 3110 3132 3124 3137 
1 5 1978 1983 1970 1924 1922 
1 10 4399 4411 4395 3452 3506 3470 3480 3491 3466 3460 
1 7 2086 2095 4529 4522 4530 4523 4521 
1 7 15864 15853 15863 15867 15851 15865 15854 
1 8 6948 6938 6919 6975 6935 6924 6949 5562 
1 11 6948 6967 5577 5593 7288 7293 7287 7299 7292 7944 7962 
1 3 14475 14455 14054 
1 11 14054 14455 14475 14080 14056 14070 14470 14429 14454 14485 14482 
1 5 14482 14344 14354 14333 14341 
1 12 14482 14493 14480 14488 14494 13686 13669 13688 13684 13681 13737 13753 
1 5 13753 13731 13749 13689 13675 
1 5 13675 13690 13674 13685 13304 
1 6 14341 13343 13350 13360 13342 13333 
1 5 14341 14336 14352 14345 14049 
1 4 13675 13677 13682 13801 
1 5 13333 13364 13345 13779 13765 
1 5 13801 13805 13951 13964 13954 
1 5 13954 13943 13947 13646 13659 
1 2 13765 13779 
1 6 14049 14038 14043 14036 14042 13544 
1 5 13544 13534 13547 14403 14392 
1 7 13954 13946 13377 13375 13378 13389 13372 
1 8 13372 13601 13614 13626 13620 13616 13604 13612 
1 6 13659 13648 14135 14133 14142 14132 
1 4 14392 13529 13521 13526 
1 3 13526 13570 13564 
1 17 6990 6996 6999 6989 7000 5836 5835 5841 5846 5838 4926 4917 4923 6449 6448 7336 7332 
