1 5 15472 15478 15469 15537 15541 
1 7 15541 15533 15532 15535 15540 15411 15423 
1 14 15423 15394 15407 15400 15413 15401 15499 15504 15506 15458 15441 15443 15459 15456 
1 7 16161 16167 16158 16153 16160 16184 16178 
1 2 15701 15555 
1 6 15701 15553 15641 15648 15633 15651 
1 10 15555 15557 15550 15551 15620 15630 15655 15667 15656 15661 
1 3 15656 15657 15613 
1 8 15613 15623 15577 15587 15567 15573 15576 15575 
1 5 15900 15945 15981 15971 15974 
1 6 15974 15962 15957 15967 15926 15941 
1 6 15941 15926 15948 15963 15952 15960 
1 5 5458 5662 5688 5671 5694 
1 35 5458 5427 5495 5464 5426 5503 5431 5476 5452 5485 5493 5470 5487 5436 5443 5489 5483 5460 5428 5425 5435 5465 5498 5444 5491 5484 7853 7862 7835 7842 7861 7821 7839 7830 7825 
1 12 5694 5664 5660 5678 5665 5696 5695 5677 7619 7651 7618 7639 
1 8 7825 7831 7867 7822 7855 7858 7854 5129 
1 7 15081 15092 15070 15075 15072 15080 14949 
1 3 14949 14951 15122 
1 6 15081 15061 15037 15029 15023 15046 
1 6 9095 9079 9102 9088 9100 8770 
1 6 8770 9787 9789 9802 9812 9808 
1 8 9095 10242 10217 10228 10218 10214 10253 10234 
1 5 9808 9807 9801 9791 9792 
1 2 9792 8356 
1 10 8356 8365 8790 8767 8782 8754 8748 9069 9057 9068 
1 6 8356 8365 8355 8361 9152 9157 
1 4 9157 9151 10387 10380 
1 9 9068 9062 9596 9598 9597 9579 9610 9577 10013 
1 7 10013 10006 10030 8463 10372 10375 8728 
1 6 10380 9854 9014 9004 9022 9007 
1 8 10013 10020 10011 10073 9593 10097 10092 10077 
1 4 9007 9019 9013 9862 
1 4 9862 9511 9523 9519 
1 4 9519 9521 9188 9176 
1 28 8728 8711 8714 8718 8741 8729 8721 8732 8734 8723 8736 8716 8738 8719 8710 8737 8712 8728 8735 10367 10375 10368 10377 8724 8720 8726 8715 8731 
1 6 10077 8593 8602 8635 8595 8596 
1 3 8596 8629 10309 
1 6 11307 11431 11425 11414 11428 11433 
1 9 11433 11421 11413 11432 11422 10483 10475 10472 10493 
1 4 10493 10474 10989 10991 
1 9 11433 10813 10800 10812 11227 11233 11238 11243 11803 
1 8 10991 10988 11000 10980 10967 11199 11190 11205 
1 11 11803 11797 11801 11346 11348 11116 11636 10927 10944 10909 10928 
1 20 5906 5920 5892 5958 5876 6148 6136 6154 6144 6151 6137 7027 7020 7029 7031 5650 6812 6823 6813 6824 
1 14 6824 6817 6816 5655 5647 5652 5818 5814 5803 5792 5802 5807 5805 5811 
1 6 121 72 100 81 102 3845 
1 7 121 120 92 77 116 98 2938 
1 11 121 72 117 77 88 122 95 113 97 86 4187 
1 8 3845 3834 3872 4215 4208 4201 4195 4216 
1 7 4187 4183 2636 2625 2629 2634 283 
1 4 283 2632 2638 2635 
1 8 283 277 268 296 271 272 289 2138 
1 15 4216 4204 4193 4207 1371 1375 1370 4198 4210 4195 4216 4194 2438 1362 1356 
1 2 1356 2435 
1 12 2138 282 284 260 3917 3898 3909 3905 3885 3913 3887 3919 
1 5 13878 13866 13875 13882 13850 
1 6 13850 13913 13588 13576 14208 14212 
1 7 8813 8817 8826 8819 10052 10041 10050 
1 5 14212 14219 13584 13580 13583 
1 4 14212 14204 14215 13718 
1 3 13718 14162 14161 
1 7 13718 14167 13711 13710 14171 14153 14331 
1 3 8670 9969 9962 
1 7 10050 10047 10048 10051 9946 9941 9944 
1 10 8813 8828 8802 8823 8803 9547 9527 9552 9529 9554 
1 9 9554 9532 9533 9551 9326 9336 9354 9328 9340 
1 6 12450 12466 12451 12470 12441 12096 
1 11 15268 15254 15237 15235 15174 15152 15156 15170 15329 15144 15159 
1 2 15159 15320 
1 12 15320 15321 15328 15340 15319 15336 15353 15369 15355 15352 15379 15360 
1 6 15360 15377 15304 15215 15226 15213 
1 5 4792 4800 5624 5637 5625 
1 9 6206 6228 5403 5416 5397 5415 6850 6842 6841 
1 11 6206 6224 5168 5172 5189 5178 5191 5198 5169 5190 6910 
1 16 6910 6873 6879 6906 6870 6869 6892 5284 5283 5301 5294 5287 5316 5296 5286 5300 
1 5 11837 11876 11830 10822 10820 
1 8 10820 10817 10826 10828 11104 11093 11105 11097 
1 17 11837 11876 11831 11845 11819 11875 11828 11864 11840 11873 11834 11758 11740 11761 11751 11739 11756 
1 6 11097 11098 11018 11041 11046 11022 
1 11 10820 10837 10829 10846 10630 10621 10622 10613 10616 10624 10615 
1 5 11097 11101 11102 10729 10746 
1 4 11756 11733 10568 10557 
1 7 10615 10606 10619 10607 10611 10614 11662 
1 4 10615 10775 10776 10790 
1 39 10746 10720 10739 10728 10725 10401 10435 10393 10437 10433 10406 11247 11264 11250 11258 11248 11177 11176 11178 10504 10501 10523 20006 19684 19682 10496 10503 10513 10518 10499 10515 380 699 10396 19994 10495 381 19731 10509 
1 9 11022 11043 11035 11016 11030 10661 10639 10648 10634 
1 8 11662 10509 10498 10506 10514 10507 10500 10502 
1 19 10634 10645 10666 10670 10641 11678 11687 11679 11694 11677 11686 11883 11898 11895 11896 20384 11886 11893 11887 
1 4 11677 11076 11926 11904 
1 7 10634 10659 10646 11521 11514 11511 11526 
1 6 11904 11913 11081 11071 11083 11077 
1 4 11526 11507 11591 11613 
1 7 11613 11949 11943 11938 11939 10674 10694 
1 5 10694 10897 10895 11387 11388 
1 10 11388 11375 11383 11393 11128 11134 11149 10536 10527 10537 
1 2 10537 11133 
1 11 11613 11600 11617 11605 11578 11575 11577 11583 11572 11571 10573 
1 4 10573 11571 10871 10866 
1 9 11133 11121 11136 11164 11147 11320 11339 11321 11336 
1 8 1057 816 831 795 845 835 792 787 
1 8 787 846 800 2593 2618 2604 2601 2611 
1 6 2611 2591 2594 2598 2393 2358 
1 14 2358 2355 2375 2385 2361 2892 2884 4050 2451 2442 2447 2455 981 979 
1 6 2358 2370 3081 3072 3078 3082 
1 5 979 990 976 988 707 
1 3 3082 3070 3103 
1 4 979 674 682 3970 
1 7 3103 3088 3106 3093 3108 1513 1510 
1 7 1510 238 257 239 256 235 244 
1 6 244 247 3826 3811 3819 3808 
1 8 16014 16040 16032 16050 16035 16049 16034 16044 
1 30 8134 8135 8108 8095 8133 8102 8129 8113 8109 8132 8103 8123 8097 8127 8101 8105 8107 8100 8124 8117 8094 8134 8093 8128 8111 8125 8106 8585 8584 8591 
1 3 8134 9234 9229 
1 4 9229 9233 8119 9768 
1 8 8591 8584 8590 8574 8696 8700 8690 8705 
1 6 8591 9196 9192 9195 9843 9833 
1 6 8705 8693 9399 9404 9500 9489 
1 6 9489 9497 9506 9491 8343 8338 
1 5 9833 9846 9838 9305 9311 
1 10 9311 9320 9315 9310 9306 9706 9715 9695 9699 9701 
1 8 9701 9711 9704 9889 9867 9881 9899 9865 
1 9 9701 8401 8412 8405 8406 8416 8395 8408 8419 
1 6 5090 5035 4993 7435 7426 7399 
1 18 5090 5021 5089 4985 5016 4981 5062 4979 4999 5058 4991 5028 6374 6397 6379 6400 6376 6352 
1 17 5090 4982 5096 5074 5043 5025 5056 5029 5082 5023 5051 6452 6498 6523 6488 6494 6489 
1 13 6489 6525 6503 6464 6513 6463 6505 6468 6466 6493 6472 7253 7265 
1 14 7399 7180 7190 7195 5522 5515 5521 5525 5505 8042 8033 8048 8028 8032 
1 12 13458 13447 13477 13492 13448 13471 13450 13470 13459 14232 14224 14235 
1 5 14235 13407 13395 13406 13404 
1 5 13458 13462 13996 13989 13980 
1 2 14235 13839 
1 13 13458 13446 13483 13476 13487 13478 13449 13467 13440 13480 14249 14252 14258 
1 3 14258 14092 14101 
1 5 13404 14369 14371 14362 14367 
1 4 14258 14103 14097 13699 
1 7 13699 14513 14506 14520 14505 14390 14383 
1 4 14383 14519 14508 14511 
1 3 14511 13323 13324 
1 7 14383 14190 14195 14199 14192 14193 13629 
1 7 13699 13698 13695 13702 13925 13931 14425 
1 8 13629 14289 14294 14269 14286 14272 14279 14307 
1 2 14425 13917 
1 3 13629 14275 14290 
1 2 14028 14111 
1 4 14290 13510 13497 13509 
1 11 8972 8991 8967 8984 8968 8979 8987 9734 9731 9653 9672 
1 5 9672 9661 9654 9724 9732 
1 9 8972 8975 8981 8960 8565 8535 8546 8534 8544 
1 14 8544 8568 8162 8173 8260 8199 8176 8273 8136 8222 8254 8144 10126 10119 
1 19 10119 10114 10104 10106 9033 9037 9029 8449 8448 8447 10280 10273 10137 10148 10140 10142 10151 10132 10136 
1 10 10136 10147 10141 10142 10131 10150 9920 10274 10264 10268 
1 7 10136 10192 10185 10182 10189 10186 10178 
1 28 10178 10186 10189 10182 10193 10179 10188 10178 9685 9677 9687 10152 10170 9680 9675 9678 10180 10191 10184 10183 10185 10192 10136 10147 9927 9908 9922 9930 
1 4 10178 9685 9677 9687 
1 2 9687 10152 
1 6 12171 12115 12145 12985 13007 12986 
1 9 12986 12303 12293 12314 12689 12674 12698 12704 12686 
1 17 12171 12135 12186 12158 12133 12136 12142 12117 12156 12906 12904 12935 12926 12942 12907 12941 12911 
1 17 12986 13008 12983 12981 12993 12989 12972 13005 12994 13082 13100 13097 13080 13101 13093 13091 13099 
1 15 13245 13212 13184 13193 13182 13178 12601 12598 12591 12101 12105 12814 12809 12806 12797 
1 24 12582 12576 12570 12589 12582 12573 12578 12581 13062 13072 13068 13073 12859 13113 12011 12014 12006 12017 12016 12012 12005 12843 12834 12831 
1 8 13165 13148 13158 12877 12879 12666 12646 12020 
1 14 13165 13148 13158 13149 12893 12880 12896 12882 12892 12868 12560 12553 12558 12542 
1 4 12020 12022 12671 12673 
1 9 12673 12649 13282 13275 13271 13279 13278 13272 13277 
1 7 12354 12371 12321 12363 12616 12635 12619 
1 10 12619 12631 12618 12510 12518 12497 12519 12500 12532 12505 
1 9 12505 12515 12531 12509 12527 12521 12748 12735 12743 
1 9 12713 12718 12720 12707 12726 13030 13023 13022 13032 
1 14 13032 13058 13028 13042 13040 12252 12290 12233 12289 12207 12229 12262 12246 12224 
1 5 3546 3571 3531 3588 70 
1 12 3546 3533 3601 3520 3513 3592 3527 3535 7 15 24 18 
1 5 70 573 4252 4239 4262 
1 9 18 13 4 3296 3275 3292 3278 3284 3298 
1 5 10349 9992 9986 9993 9991 
1 6 2011 2005 1416 1419 1422 2696 
1 7 2696 2700 2697 2702 3434 3018 2994 
1 9 2011 2714 1416 1421 2074 2060 2067 3671 3672 
1 5 2696 2692 862 874 860 
1 7 3672 3641 3647 3656 3663 1581 1601 
1 9 454 476 464 1403 1391 4463 4456 4468 4470 
1 4 860 866 1449 1431 
1 8 1431 1430 1448 1435 1176 1187 1174 1177 
1 8 3672 3641 3648 3637 3650 3253 3259 3269 
1 7 1601 1578 1572 1600 1846 1857 1837 
1 6 454 468 471 1389 1405 1379 
1 9 1431 1434 1451 1958 1946 1936 1944 1953 1935 
1 4 1837 1840 3948 3954 
1 5 1177 3357 3352 3374 3356 
1 3 3269 3314 3331 
1 8 1935 1957 3396 3380 3401 442 433 3923 
1 7 1431 1437 1429 1424 1254 1229 1248 
1 5 1379 1399 4552 4539 4537 
1 8 3954 3962 3957 3951 4107 4325 4353 4342 
1 7 3356 3363 3348 3375 3358 3682 3676 
1 9 1379 1390 2326 2317 2319 2321 4391 4403 753 
1 9 1935 3383 3422 3411 3410 3405 3995 3978 3993 
1 7 1248 1249 1250 1228 1262 2827 2832 
1 3 3676 4297 4298 
1 6 753 4400 4388 4408 4381 4399 
1 4 3993 3979 1987 1978 
1 6 2869 4614 4583 4612 4581 4610 
1 11 3923 3933 1463 1470 1467 1461 2084 2079 2078 2088 2086 
1 14 2086 2090 1280 1282 1284 1283 3121 3138 3116 3129 3110 3132 3124 3137 
1 5 1978 1983 1970 1924 1922 
1 10 4399 4411 4395 3452 3506 3470 3480 3491 3466 3460 
1 7 2086 2095 4529 4522 4530 4523 4521 
1 8 6948 6938 6919 6975 6935 6924 6949 5562 
1 11 6948 6967 5577 5593 7288 7293 7287 7299 7292 7944 7962 
1 3 14475 14455 14054 
1 11 14054 14455 14475 14080 14056 14070 14470 14429 14454 14485 14482 
1 5 14482 14344 14354 14333 14341 
1 12 14482 14493 14480 14488 14494 13686 13669 13688 13684 13681 13737 13753 
1 5 13753 13731 13749 13689 13675 
1 5 13675 13690 13674 13685 13304 
1 6 14341 13343 13350 13360 13342 13333 
1 5 14341 14336 14352 14345 14049 
1 4 13675 13677 13682 13801 
1 5 13801 13805 13951 13964 13954 
1 5 13954 13943 13947 13646 13659 
1 6 14049 14038 14043 14036 14042 13544 
1 5 13544 13534 13547 14403 14392 
1 7 13954 13946 13377 13375 13378 13389 13372 
1 8 13372 13601 13614 13626 13620 13616 13604 13612 
1 6 13659 13648 14135 14133 14142 14132 
1 4 14392 13529 13521 13526 
1 3 13526 13570 13564 
1 17 6990 6996 6999 6989 7000 5836 5835 5841 5846 5838 4926 4917 4923 6449 6448 7336 7332 
1 11 11457 11465 11449 11445 10732 10749 10726 10721 10747 10724 10725 
1 24 11457 11452 11461 11534 11524 11509 11516 19678 19677 10444 10457 10466 10446 10465 10451 10461 10440 10458 11603 11615 11599 11595 11632 11594 
1 3 11461 11528 10646 
1 11 10515 10505 11881 19602 19996 19751 19599 19995 19596 19730 19731 
1 15 10614 11651 11655 11654 10408 10394 10416 10398 10431 10410 10404 10400 10426 11249 11176 
1 11 10790 10768 10778 10761 10772 10752 10797 10766 10786 10773 10500 
1 17 11205 11200 11562 11542 11548 11552 11549 11557 10924 10933 10913 10930 10941 10918 10935 10942 10928 
1 22 11227 11237 11719 11726 11721 11718 11358 11365 11360 11968 11967 11971 11960 11972 11955 11952 11958 11202 11210 11197 11560 11549 
1 7 11971 11957 10476 10486 10490 10479 10474 
1 16 11348 11353 11357 11346 11809 11793 11807 11799 11810 11795 11806 11812 11234 11230 11228 11238 
1 15 11307 11315 11267 11314 11287 11291 11310 11273 11295 11271 11854 11818 11841 11826 11845 
1 19 10557 10555 10552 10565 10560 10553 11768 11222 11216 11215 11470 11223 11479 11474 10640 10665 10671 10658 10645 
1 16 11077 11067 11063 11079 11051 20385 11082 11056 11061 11396 11399 11374 11384 11395 11378 11393 
1 36 11378 11379 11169 11142 11162 11123 11135 11165 11140 11132 11318 11341 11323 11405 19712 19713 19714 19716 19715 19717 11319 11317 11333 11537 11541 11539 11707 11702 11699 11704 10576 10588 10597 10600 10585 11572 
1 26 11572 10868 10886 10856 19720 19723 19724 19725 10877 10880 10869 10876 10883 10862 10864 10853 10873 11623 11598 11622 11596 11588 11589 11610 11597 10458 
1 7 11465 11447 11459 11446 10425 10403 10393 
1 6 11258 11252 11441 11438 11442 19680 
1 5 11655 2902 10414 10430 19994 
1 9 10817 10838 11657 11653 11671 11650 11652 11670 11651 
1 10 10837 10834 11790 11777 11791 11779 10978 11010 10994 10988 
1 5 10803 10810 10805 10802 10800 
1 8 16308 19679 16310 20484 16313 818 16307 16312 
1 6 16379 16374 8990 16377 16378 16376 
1 18 11061 11396 11916 11923 11930 11927 10890 10905 10893 10690 10699 10688 10691 11948 20426 11944 11625 11591 
1 10 10893 10904 10888 10894 10900 11912 11919 10669 11690 11678 
1 14 19584 14730 13611 4329 10715 12818 10779 13691 11112 14864 19588 4345 4326 4343 
1 9 4342 3697 4324 4354 4335 14669 4330 19611 13691 
1 16 4343 20676 11266 4341 14582 4350 19582 13937 13927 19583 19584 3955 1842 3653 3657 20176 
1 15 1993 2011 2709 2721 2712 2713 3633 3655 3662 3647 3665 3651 3642 3639 20176 
1 15 2712 2716 2708 500 495 503 494 489 506 502 2914 2907 4476 20229 4470 
1 23 4468 4458 4459 4485 4484 4457 4569 2840 2843 2871 2842 4586 4584 4602 4601 20234 4595 4609 278 288 297 260 284 
1 14 4537 4548 4545 4542 3471 3473 3504 3449 3467 3487 3490 3888 3892 3913 
1 26 3460 3904 3887 3892 3896 3883 3901 4600 278 285 261 14668 267 268 2098 2135 2101 2136 2102 101 118 79 112 84 76 92 
1 9 1370 1373 1377 1368 1369 20048 1372 1376 1375 
1 14 2435 1340 1343 20571 1344 1355 20253 20251 1358 1341 1351 87 85 121 
1 14 3845 3856 3841 3869 3857 3849 3866 3839 3848 3850 3868 2108 3891 3233 
1 8 3233 3895 3882 3908 3907 3921 3885 3913 
1 7 3506 3497 3456 3500 3469 3454 3471 
1 13 753 760 758 751 759 4311 4309 4307 4306 4111 4108 20145 4353 
1 6 3957 3962 4105 4358 4323 14669 
1 8 503 497 504 2921 1568 1589 1594 1581 
1 10 4548 4549 4535 4555 4466 4569 4575 4568 4571 33 
1 10 1391 20222 483 2922 2899 2909 2924 20455 1583 2921 
1 4 4470 4480 2726 2748 
1 12 3883 20228 3903 4615 4589 4585 4580 2862 2868 4544 4549 4535 
1 21 3233 3911 2108 3868 3850 3879 3858 3235 3844 3859 3875 3854 3855 3870 3846 3876 3234 4197 4199 20528 4198 
1 9 4307 4304 763 756 2323 2322 474 486 1389 
1 12 3331 3312 3328 129 4373 20114 3114 3126 3119 3120 3140 3137 
1 10 3137 3140 3120 3125 3123 3326 3336 3330 3327 3630 
1 13 3630 3320 3329 20136 20139 3321 3337 3627 3322 3325 3242 20170 3639 
1 7 4373 127 128 4370 1279 1277 2084 
1 13 3253 3257 3244 3632 3644 2073 2057 2070 2059 861 875 859 874 
1 8 861 871 430 1937 1938 1944 1953 1935 
1 11 442 429 439 445 3057 3054 3039 3053 3040 3644 2073 
1 19 1935 3383 3390 3410 3416 3415 1973 1890 1901 1900 1904 1902 4520 4368 4360 4365 970 3307 3308 
1 12 2832 2828 2817 2823 4488 4493 2644 2645 2643 20404 3804 3810 
1 14 3808 3822 3814 3810 20131 3813 3803 1918 1922 1913 1920 1899 1892 1904 
1 9 4298 4277 4292 2603 2588 801 833 787 792 
1 13 2370 2156 2158 2153 2143 2154 582 577 1255 1232 1266 1250 1276 
1 10 1276 1236 1268 1237 3997 3973 3976 3989 3980 3995 
1 17 689 681 382 3967 421 390 394 20124 20116 412 20387 387 1879 1882 20087 1873 1885 
1 10 1885 1873 1869 1867 1889 20109 20119 416 371 399 
1 9 1869 1881 4272 1871 20100 20389 20391 389 19992 
1 9 399 371 364 20124 20116 20110 420 379 19990 
1 6 379 417 414 386 20094 402 
1 8 402 1870 20089 20086 20088 4270 1872 1885 
1 10 399 372 396 392 20689 366 685 20169 4250 573 
1 7 689 678 708 20174 20180 679 707 
1 20 70 3547 3572 3523 3607 3530 3555 3569 3510 3516 3579 3582 1081 1079 1072 1083 1044 1043 1110 1057 
1 14 2594 2586 2599 2590 797 823 825 2351 520 532 522 3519 3556 3510 
1 18 3601 3591 3570 3594 3576 3542 3 16 7 21 3286 3302 24 18 23 14 1 4226 
1 5 4226 4217 4220 4224 4745 
1 9 4745 4689 4717 4713 4715 4732 4741 4693 4710 
1 3 4710 4729 4688 
1 6 4688 4734 4702 4738 4735 4713 
1 13 20541 4720 4696 4746 4703 4740 4628 4676 4647 4762 20598 4754 4758 
1 3 20541 4745 4222 
1 9 4628 4676 4638 4749 4730 4711 4752 4725 4691 
1 7 4638 4770 4773 20585 4764 20074 4760 
1 29 4628 4653 4665 4639 4668 4634 2333 2343 2338 2347 2346 2332 2340 889 4501 4499 547 540 542 1411 552 1413 20634 20663 1409 546 1910 3964 20667 
1 5 2469 2519 2520 2486 2333 
1 10 4634 20597 20603 4673 4656 20607 20613 4659 4759 4765 
1 51 891 2423 2429 2410 2416 2428 2409 2420 1617 1668 1619 1664 1654 1634 1663 1656 1622 1642 1620 910 20620 951 930 2249 20627 2225 2265 2222 2251 2227 2259 2246 2268 174 223 191 220 214 189 200 1552 1542 1533 3212 1561 1545 1555 1534 1559 20671 20674 
1 15 1664 2184 20574 2198 2173 1305 1312 1288 1307 1332 1316 1322 2988 2979 2981 
1 21 20674 20671 20670 20669 1547 3196 3204 3184 3186 3160 3229 3188 3183 3154 2939 2971 2974 2928 2950 2952 2938 
1 17 220 169 162 218 212 208 161 3702 3730 3714 3705 3737 3717 3718 1710 1742 1704 
1 14 887 1811 1817 1800 20569 1791 20563 1789 718 730 720 3792 3778 3797 
1 10 2469 2532 2461 2506 2540 2488 2465 2527 1057 1110 
1 5 16035 16056 16036 16042 16033 
1 10 16035 16038 16011 16021 15997 16020 15994 16007 16025 16028 
1 6 16021 15998 16024 15990 16009 20383 
1 5 16178 16179 16198 16196 16201 
1 6 16201 16196 16200 16193 16183 16186 
1 9 16186 16172 16178 16173 16160 16153 16158 16167 16150 
1 6 16184 16182 16165 16166 16171 19973 
1 7 16296 16304 16291 16289 16300 16294 16290 
1 9 16099 16108 16107 16100 16089 20350 16064 16065 16062 
1 6 20350 16081 16073 16067 16070 16078 
1 13 15747 15742 15758 15763 15764 15759 15757 15773 15768 20310 15770 15781 19891 
1 6 15747 15761 15753 15743 15748 15744 
1 3 15744 15746 15759 
1 5 15759 15751 15750 15779 16231 
1 6 16231 20303 16233 15775 15778 19891 
1 5 15773 15739 15715 15723 15713 
1 18 1057 4075 20531 20538 20547 4082 4066 2805 2760 2801 2802 1821 20570 1831 1800 1820 20588 891 
1 5 3480 3459 3489 3453 3494 
1 3 3494 3464 20184 
1 6 3460 3495 3455 3442 3492 20184 
1 11 15472 15478 15464 15542 15533 15536 20344 15544 15462 15460 19957 
1 16 15472 15483 15436 20322 20314 20307 15425 15428 15427 15527 15516 20281 15523 20275 15525 15522 
1 3 20275 15519 15456 
1 6 15661 15662 20300 20294 15597 15674 
1 4 15651 15637 15645 15642 
1 10 15642 15639 15644 15635 15650 15693 15690 15694 15699 15692 
1 11 15692 15698 15695 15681 15684 15545 15675 15593 15596 15592 15674 
1 4 15575 15565 19910 15580 
1 6 15900 15906 15902 15911 15923 15925 
1 9 15925 15907 15913 15904 15899 15920 15979 15980 15974 
1 5 15913 15904 15897 15898 15915 
1 2 15915 15912 
1 5 15941 15934 15935 15942 15987 
1 9 15987 15928 15989 15930 15932 15936 15975 15977 15980 
1 9 14951 15106 15113 15104 14923 14924 14933 14945 15011 
1 12 14933 14947 14940 14926 14952 19884 19885 14979 14964 14983 14966 14992 
1 12 14933 14924 15116 15133 14977 15107 14991 14974 15083 15084 15086 15081 
1 5 15046 15023 15051 15021 15022 
1 13 19878 14955 16126 20269 16115 16111 20285 16110 16131 16122 14960 16119 16142 
1 6 19878 16129 16128 16140 16123 16135 
1 8 16135 16136 20283 20287 16141 16130 16138 16131 
1 9 16110 15671 16120 15668 15670 16116 15673 15511 14955 
1 8 19965 19966 16205 16220 20360 20362 16217 16204 
1 8 16332 16320 16323 16326 16333 16328 16319 16331 
1 10 19738 10714 14547 8358 8373 8372 8362 8370 9160 19848 
1 16 19737 9790 9206 11188 8358 8373 8372 8362 8361 19850 19858 19868 19855 19867 19916 19838 
1 7 9157 19840 19835 19834 19827 19829 19825 
1 8 19825 19829 19830 19833 9049 19847 19854 19853 
1 7 19853 19865 19863 19864 19861 19862 19858 
1 5 9157 19845 19916 19837 9049 
1 12 19738 9203 9209 9211 10673 8364 9159 10384 10379 10386 10388 10381 
1 6 10381 9853 9851 9852 9856 9862 
1 13 9808 20346 9812 9786 8771 8758 8797 8761 8752 8791 8779 8762 9057 
1 8 8748 11882 9067 19828 9066 9061 9024 9014 
1 12 9066 9056 9073 9044 9071 9010 8616 8614 8630 8600 8637 8593 
1 10 10309 10304 10321 10305 10320 8308 8309 8313 9186 9176 
1 6 10309 10310 9569 13317 9566 19748 
1 8 19748 9574 13811 9568 9623 9627 9621 9625 
1 10 9625 9622 9619 19745 19746 9509 9515 9523 9511 9862 
1 5 13317 13777 9564 20266 20265 
1 18 20265 8374 8387 8601 8643 8647 8386 10082 10075 10086 10067 10007 10023 10012 10003 10037 20688 8459 
1 13 8459 8462 13598 10335 13599 10334 8441 10327 14150 14151 14149 13780 10333 
1 15 10333 10332 10330 13778 10279 10277 10264 10275 9934 9910 9905 9928 9914 9925 9916 
1 6 9916 9925 9929 9922 9908 9923 
1 7 10152 10175 10173 10157 10167 10158 10154 
1 12 10154 8515 8499 8492 8523 8505 8477 20267 8478 8475 8531 8490 
1 6 8490 8482 8474 8528 8469 8513 
1 15 8513 8502 8498 9273 9256 9276 9282 9290 9266 9279 9293 9270 8682 8678 8676 
1 12 8676 8685 8675 8680 8679 9002 8995 8994 8998 10343 10365 10349 
1 16 9991 9957 9982 19790 19789 19792 9965 8666 8673 8671 8657 8664 8651 8661 8822 8813 
1 3 9962 9966 19790 
1 6 8670 8662 8654 8671 8657 8669 
1 6 9944 9939 9948 9943 19799 9940 
1 5 9940 9363 9337 9323 9342 
1 3 9342 9345 9340 
1 8 9354 9331 9338 9359 10045 10056 10040 10052 
1 8 9359 9352 9362 9333 9344 9357 9945 9948 
1 5 9344 9322 9343 9361 9345 
1 4 9554 9895 9901 9865 
1 6 19804 9871 9885 8390 8418 8395 
1 7 19804 9895 8440 9563 9535 9546 9531 
1 18 9531 9978 9967 9963 9980 9951 10292 8428 8429 8436 8432 8427 8907 8948 8861 9261 9301 9256 
1 8 8338 8345 8340 9317 9708 9690 9718 19814 
1 9 19814 9714 9705 9704 9889 9867 8393 8445 8418 
1 15 9768 9748 9767 9743 9751 9754 9772 10194 10196 10198 9041 19820 19824 19823 8325 
1 7 8325 19821 9040 9039 9043 9727 9732 
1 9 9644 9650 9663 9782 9769 9758 9745 9777 9229 
1 11 9782 9658 9665 9669 10194 10196 10198 10195 8327 19817 19818 
1 2 9644 9672 
1 10 8534 8546 8541 8543 8569 8549 8557 9655 9648 9653 
1 6 10242 10260 9103 9097 9139 8981 
1 14 9095 10245 10211 19758 10243 10212 10216 10238 9586 8730 10025 9999 8727 8724 
1 24 9586 9602 9606 9604 9594 9596 9070 9051 9063 9071 9009 9017 9008 9022 9019 9510 9519 9524 9525 9628 19743 9619 9622 9625 
1 29 9586 8244 8264 8165 8265 8176 8253 8163 8170 8180 8302 8294 8158 8159 8145 8287 8184 8249 8191 19778 19777 8905 8894 8949 8878 8868 8835 8927 8858 
1 10 8858 8926 8935 8880 8946 8518 8527 8524 8531 8490 
1 23 10142 10144 10130 8292 8139 8231 8145 8142 8149 8247 8297 8148 9448 9388 9369 9424 9252 9214 9227 9219 9225 9241 9777 
1 22 9650 9656 9646 9671 8536 8563 8532 8562 8548 8564 8539 8162 8173 8260 8272 8163 8278 8194 8164 8196 8261 8448 
1 11 10106 10104 10121 8179 8290 8203 8270 8150 8163 8272 8260 
1 22 8868 8918 8864 8889 8832 8959 8842 8914 9435 9386 9391 9376 9423 9479 8336 8335 8349 9702 9710 9697 9718 19814 
1 10 8432 8439 8431 8426 8943 8863 8902 8886 8891 8914 
1 5 8858 19779 8915 8845 8918 
1 16 10184 9165 9164 19777 8216 8293 8898 9439 9395 9417 9472 9475 9453 9370 9467 9399 
1 7 8700 8704 8692 8115 8091 9232 9227 
1 6 9491 9487 9827 9830 9194 9196 
1 3 8345 8341 8335 
1 9 9865 9874 9876 9703 9694 9709 9693 8349 8335 
1 3 19790 9972 9963 
1 15 9972 9959 9975 9984 9985 9995 9987 10356 10339 10348 9291 9300 9269 9296 9266 
1 6 8593 8628 8611 10074 10081 10082 
1 3 10011 10005 10023 
1 12 13333 13364 13345 13766 13765 13771 13528 13522 13518 13526 13570 13564 
1 17 13564 13571 13559 13556 13569 13558 13561 13844 13866 13888 13890 13873 13892 13879 13883 13887 13872 
1 11 13569 13565 13553 13546 13533 13542 13554 13544 14042 14051 14043 
1 9 14208 14201 14221 13871 13915 13899 13885 13887 13872 
1 11 14208 14212 14205 14209 13712 14330 14321 14328 14322 14325 14327 
1 12 14327 14325 20377 20375 20372 14177 14163 13386 13383 20366 20363 13601 
1 9 14132 14215 14200 20367 13713 20370 14326 20373 20377 
1 18 13659 13652 13660 13310 13315 13312 13303 14343 14357 14339 14354 14338 13336 13348 14072 14059 14064 14079 
1 10 14079 14068 14075 14058 19895 14066 14461 14435 14445 14442 
1 8 14054 14434 14459 14439 14469 14460 13929 13917 
1 12 14442 14446 14414 14419 14421 14411 14422 13700 13692 13701 14502 14506 
1 24 19898 19901 14073 14434 14467 14464 14456 14432 14486 14481 14498 14497 13686 13676 13679 13674 13682 13801 13805 13802 13800 13623 13602 13601 
1 3 19898 19896 14058 
1 23 13737 13735 14088 14086 14258 14247 14255 14264 14250 14382 14388 14379 14384 14198 14195 14196 14188 13508 13502 13496 13513 13509 13503 
1 5 13503 13505 14116 14128 14110 
1 7 14111 20318 20319 20320 14114 14126 14122 
1 7 14028 14018 14021 13321 13326 13325 13324 
1 10 13822 13831 13823 14310 14314 14304 14284 14302 14316 14307 
1 3 13822 14229 14235 
1 8 14367 13983 13992 14010 13982 13981 13993 14000 
1 13 14000 13993 13981 13982 14010 13995 13965 13971 13976 13997 14012 13987 13477 
1 2 19975 13993 
1 6 13993 19975 14003 19978 19981 13977 
1 5 13977 13988 13973 14005 13965 
1 5 13980 14008 13990 14006 13991 
1 4 13991 13984 14002 13976 
1 2 13458 13612 
1 11 13478 13445 13758 13725 19963 13726 13745 13804 13796 13807 13802 
1 5 13943 13955 13956 14138 14161 
1 10 14036 14037 14041 14052 14405 14398 13363 13344 13356 13342 
1 29 12354 12356 12429 12422 12376 12417 12319 12372 12411 12325 12394 12055 12066 12088 12049 12073 12044 12083 12086 12075 12208 12241 12234 12242 12221 12248 19674 19670 12231 
1 47 19651 5460 5483 5489 5443 5436 5487 5431 5426 5495 5427 5662 5688 5680 5673 5684 5661 5692 5687 5676 7588 7580 7597 6086 6089 6076 6070 6084 6068 6067 6083 5211 5229 5231 5201 5215 5230 5243 5217 6362 6375 14916 14872 15015 14871 19623 20680 
1 37 15442 6377 6407 6365 6414 6357 6415 6359 6756 6743 6748 5320 5338 5337 5332 5321 6643 6636 6642 6638 6645 6633 6988 6989 6986 7002 6990 4952 4957 4941 4956 4954 8077 8064 8078 8060 8066 
1 42 6352 20678 16146 20017 6364 6384 6386 6416 6383 6433 6401 5358 5360 7054 7062 7060 6446 6439 6451 6445 4921 4924 4927 7801 7800 5745 5751 5748 5753 5756 7006 7018 7005 6012 6008 4809 4804 4795 4791 8016 8005 8011 
1 44 6352 15007 20682 5880 5927 5904 5930 5932 4981 5045 5000 5096 5064 5006 5079 5069 4987 5039 5037 7189 5852 4784 4783 4788 5730 5741 6174 6164 6176 4893 6698 6705 6690 6728 6729 6722 6688 6738 6703 6725 7521 7508 7531 7509 
1 25 6957 6930 6927 6951 6931 6966 6924 5569 5566 5602 5568 5590 6385 6424 6382 19721 20024 19683 19615 14681 6376 15007 19618 15442 6352 
1 25 7962 7956 7982 7942 7976 7985 7959 7918 7940 7937 7925 7934 7913 7932 7931 5224 6399 6410 6406 19613 20684 20683 6409 14867 20684 
1 23 20680 6409 14867 20681 6432 20465 6413 5214 5212 5242 5247 5218 7936 5233 7627 7611 7638 7609 7645 7647 7603 7618 7639 
1 31 20680 6376 15985 19608 20478 5877 5913 5890 4999 5046 5017 4976 5085 4994 5032 5009 5084 5019 5851 5849 5857 5732 7144 7145 7774 6674 6659 7768 6671 6656 6666 
1 22 20683 20680 15007 20682 5968 5914 5948 5899 5894 5906 5920 5892 5958 5876 6148 6136 6154 6138 6139 6155 7021 7023 
1 47 20680 15007 20682 5968 5939 5881 5973 5907 5891 5953 5911 5963 5869 5915 6135 6128 6107 6798 6799 6787 6807 6792 4904 4907 4913 4900 7885 7879 19630 7878 7869 7886 7134 7102 7124 7116 7127 7117 7137 6890 6901 6906 6888 6876 6909 6875 6878 
1 19 20680 20683 14681 19608 20478 19605 5895 5919 4991 5063 5014 4978 5093 5022 6916 6953 6958 6928 6973 
1 18 6902 6911 19626 6887 6894 6904 6896 6907 6891 5284 5283 5301 5294 5317 5279 5286 5304 4964 
1 27 6902 6875 6880 6897 5176 6623 6621 6620 7475 7483 7469 7471 6563 6564 6559 6570 6029 6040 6027 6037 7502 7532 7501 7534 7518 7495 7530 
1 37 6902 6878 7563 19619 7556 7562 7560 7558 4817 4841 4832 4836 4823 4818 4834 7467 7468 6565 6566 6559 6570 6029 6040 6027 7493 7535 7504 7233 7217 7223 7218 7226 7680 7694 7676 7681 7679 
1 2 7530 7509 
1 9 6878 7324 7313 7310 7307 7306 5265 5268 5269 
1 14 5269 5267 5263 5272 5266 5289 5277 5275 5294 5317 5316 5311 5278 5304 
1 27 6902 6911 19625 6876 6888 6870 6885 6899 7137 7106 7104 7119 7108 7118 8053 8027 8040 8036 8029 7890 7870 4903 4912 4901 5530 5517 5508 
1 26 6878 6875 6909 6898 6873 6893 6871 5180 5167 5196 5177 6207 6213 6231 6214 6239 6221 6210 6220 7446 7455 7453 7459 7447 6167 6159 
1 20 5811 5796 5806 5798 5791 5797 7673 7671 7663 7664 5259 7156 7161 7162 7160 4866 4846 4843 4855 4844 
1 22 5818 5726 5714 5713 5701 5707 5719 5702 5722 7096 7085 7088 7092 7086 7706 7708 7711 7712 7707 6302 6321 6303 
1 24 5792 5810 5812 5821 5555 5541 5542 5543 5548 7669 7667 5254 5249 5257 6780 6784 6771 6775 6785 6773 4852 4867 6308 6325 
1 22 5792 5820 5802 7721 7739 7731 6251 6254 6270 6257 6265 6190 6177 6188 6183 7902 7905 7899 7896 7903 4937 4941 
1 21 7739 7719 7747 7755 7749 5771 5773 5780 5763 20395 7993 6648 6643 5328 5323 5336 5343 6448 6440 6444 19642 
1 16 19642 6439 7058 7061 7057 7051 5122 5110 5157 5111 5161 5148 7846 7856 7820 7861 
1 11 19646 19651 5460 5483 5489 5443 5436 5470 5437 5477 5458 
1 13 19646 5500 5424 5454 5459 5496 5479 5449 5442 5482 7818 7862 7835 
1 18 5300 4964 4974 4963 4961 4970 4958 4969 6820 6051 7875 7881 7871 4905 4909 4913 4907 4904 
1 8 12224 12228 12223 12232 12193 12237 12271 12231 
1 28 19668 19662 12821 12823 13068 12747 12750 12744 12487 12479 12473 12486 12630 12611 12637 12621 12614 12620 12633 12629 12609 12615 12072 12055 12066 12058 12059 12065 
1 38 19668 19662 12821 12860 13116 13110 12013 12006 12017 12004 12012 12005 12843 12852 12833 12839 12840 12708 12724 12712 12729 12716 13021 13017 13035 13041 13056 13031 12050 12063 12203 12208 12241 12234 12242 12198 12212 19671 
1 19 19669 19668 19663 19658 12800 12805 12795 12815 12808 12788 12449 12461 20557 12458 12447 12462 12454 12465 12096 
1 26 19669 12825 19665 12797 12806 12097 12104 12676 12701 12677 12297 12315 12305 12298 12299 12995 13008 13000 13004 11973 20505 12773 12755 12769 12758 12763 
1 26 19669 12825 19665 12797 12806 12097 12104 12676 12701 12677 12297 12315 12304 12296 12301 12971 12983 12982 12974 20509 11979 11993 11984 12000 12772 11997 
1 42 19666 19665 12797 12806 12097 12104 12692 12686 12694 12678 12688 12675 12702 12679 12693 12126 12139 12131 12146 12141 12182 12185 12130 12147 13168 13138 12645 12654 12667 12652 12658 12646 12653 12036 12023 13259 13260 13289 13280 12875 13272 13277 
1 17 12906 13137 13161 13146 20449 20445 20436 20429 12872 12861 12862 13264 13262 13266 13273 13283 13277 
1 19 20445 20449 20452 13145 12118 12117 12142 12136 12133 12158 12180 12168 12145 12306 12303 12293 12314 12689 12674 
1 7 13245 13244 13220 13240 13200 13213 13233 
1 6 12450 13183 13175 13226 13197 13212 
1 2 13233 13091 
1 16 12065 12061 12390 12401 12343 12344 12406 12323 12380 12330 12415 12405 12326 12381 12359 12329 
1 7 12329 12332 12377 12501 12513 12502 12505 
1 9 10495 10524 10430 10414 11654 11658 11092 11103 10729 
1 10 381 19731 10519 10498 10769 10782 10777 10791 10755 10768 
1 7 19995 381 19600 19736 4512 19597 11651 
1 9 19995 19594 19602 10505 10515 10510 10517 10494 20006 
1 10 19995 4527 3971 10396 19842 10420 10395 10439 10424 10431 
1 10 381 826 11664 11662 10614 10627 10628 10612 10631 10613 
1 8 4332 10779 19589 4333 4355 19590 4109 3954 
1 5 4332 4352 4329 15669 3955 
1 6 4332 14349 11112 14858 19586 4326 
1 11 4332 10779 19589 14152 19587 4323 4358 4340 4106 4339 4325 
1 27 4332 4352 4329 8305 3952 3948 1840 1837 1851 1854 1855 1844 20191 453 20206 473 454 468 1397 1404 1398 1378 4465 4452 4482 4472 4485 
1 14 4350 19582 4332 10779 19589 14152 14844 14654 4358 4340 4106 4107 4110 20145 
1 4 14565 14586 14576 14561 
1 6 14561 14529 14546 14583 14540 14533 
1 14 14533 14571 14597 14554 14589 14537 14532 14574 14522 14570 14553 14552 14560 14770 
1 65 14770 14754 14750 14751 14759 14763 14758 14764 14755 14752 14762 14756 14757 14753 14765 14760 14766 14674 14677 14678 14673 14679 14672 14881 14884 14888 14883 14882 14887 14890 14886 14891 14909 14907 14905 14910 14915 14914 14908 14906 14911 14863 14866 14861 14869 14875 14860 14868 14879 14870 14859 14862 14803 14857 14823 14795 14816 14842 14793 14835 14809 14831 14805 14839 14807 
1 25 14807 14814 14822 14802 14813 14838 14806 14855 14796 14792 14853 14826 14815 14848 14843 14827 14854 14833 14794 14837 14817 14850 14821 14824 14804 
1 37 14804 14856 14825 14896 14902 14895 14898 14894 14897 14899 14901 14728 14737 14732 14734 14726 14735 14731 14725 14738 14729 14739 14736 14727 14733 14748 14740 14742 14745 14743 14746 14741 14749 14744 14747 14723 14724 
1 24 14565 14527 14545 14564 14614 14643 14671 14631 14624 14626 14655 14629 14660 14699 14690 14695 14689 14709 14694 14714 14686 14707 14687 14692 
1 28 14692 14688 14704 14715 14696 14698 14722 14720 14706 14711 14700 14712 14697 14701 14718 14691 14789 14783 14779 14777 14781 14787 14776 14782 14788 14780 14786 14778 
1 5 15793 15788 15792 15826 15828 
1 26 15881 15882 15818 15890 15888 15889 15880 15877 15875 15873 15874 15879 15872 15878 15876 15817 15816 15809 15804 15807 15810 15812 15811 15815 15803 15814 
1 36 15813 15805 15806 15840 15837 15845 15843 15836 15844 15841 15838 15839 15842 15832 15829 15835 15830 15834 15831 15833 15869 15858 15871 15854 15865 15851 15867 15863 15853 15864 15860 15852 15861 15856 15855 15848 
1 22 15868 15850 15859 15849 15870 15862 15866 15790 15796 15802 15786 15799 15797 15791 15800 15801 15789 15798 15785 15787 15784 15795 
1 21 15828 15827 15846 15847 15891 15894 15895 15893 15896 15892 15823 15819 15824 15822 15820 15821 15825 15887 15885 15884 15886 
