1 18 
1 70 
1 121 
1 244 
1 283 
1 332 
1 364 
1 454 
1 495 
1 623 
1 656 
1 707 
1 753 
1 787 
1 860 
1 891 
1 979 
1 1057 
1 1177 
1 1248 
1 1356 
1 1379 
1 1431 
1 1510 
1 1601 
1 1771 
1 1837 
1 1869 
1 1922 
1 1935 
1 1978 
1 2011 
1 2023 
1 2086 
1 2138 
1 2311 
1 2358 
1 2435 
1 2469 
1 2564 
1 2611 
1 2635 
1 2664 
1 2696 
1 2735 
1 2832 
1 2869 
1 2938 
1 2994 
1 3082 
1 3103 
1 3137 
1 3269 
1 3298 
1 3331 
1 3356 
1 3460 
1 3546 
1 3672 
1 3676 
1 3808 
1 3845 
1 3919 
1 3923 
1 3954 
1 3970 
1 3993 
1 4187 
1 4216 
1 4262 
1 4298 
1 4342 
1 4399 
1 4442 
1 4468 
1 4521 
1 4548 
1 4610 
1 4792 
1 5090 
1 5129 
1 5300 
1 5458 
1 5562 
1 5625 
1 5694 
1 5811 
1 5906 
1 6206 
1 6352 
1 6489 
1 6824 
1 6841 
1 6910 
1 6948 
1 6990 
1 7265 
1 7332 
1 7399 
1 7639 
1 7825 
1 7962 
1 8032 
1 8134 
1 8305 
1 8338 
1 8356 
1 8419 
1 8524 
1 8544 
1 8591 
1 8596 
1 8670 
1 8679 
1 8705 
1 8728 
1 8731 
1 8770 
1 8813 
1 8972 
1 9007 
1 9068 
1 9095 
1 9157 
1 9176 
1 9229 
1 9279 
1 9311 
1 9340 
1 9489 
1 9519 
1 9554 
1 9630 
1 9672 
1 9687 
1 9701 
1 9732 
1 9768 
1 9792 
1 9808 
1 9833 
1 9862 
1 9865 
1 9930 
1 9944 
1 9962 
1 9991 
1 10013 
1 10050 
1 10077 
1 10119 
1 10136 
1 10152 
1 10178 
1 10209 
1 10234 
1 10268 
1 10309 
1 10349 
1 10380 
1 10435 
1 10493 
1 10502 
1 10537 
1 10557 
1 10573 
1 10615 
1 10634 
1 10694 
1 10746 
1 10790 
1 10820 
1 10866 
1 10928 
1 10991 
1 11022 
1 11077 
1 11097 
1 11133 
1 11205 
1 11307 
1 11336 
1 11388 
1 11433 
1 11526 
1 11613 
1 11662 
1 11677 
1 11756 
1 11803 
1 11837 
1 11904 
1 12020 
1 12096 
1 12171 
1 12199 
1 12354 
1 12450 
1 12489 
1 12505 
1 12542 
1 12582 
1 12619 
1 12673 
1 12686 
1 12713 
1 12743 
1 12797 
1 12831 
1 12911 
1 12986 
1 13032 
1 13099 
1 13165 
1 13245 
1 13277 
1 13304 
1 13324 
1 13333 
1 13372 
1 13404 
1 13429 
1 13458 
1 13509 
1 13526 
1 13544 
1 13564 
1 13583 
1 13592 
1 13597 
1 13612 
1 13629 
1 13659 
1 13675 
1 13699 
1 13718 
1 13753 
1 13765 
1 13779 
1 13789 
1 13801 
1 13839 
1 13850 
1 13878 
1 13917 
1 13936 
1 13954 
1 13980 
1 14028 
1 14049 
1 14054 
1 14101 
1 14111 
1 14132 
1 14148 
1 14161 
1 14212 
1 14235 
1 14258 
1 14290 
1 14307 
1 14331 
1 14341 
1 14367 
1 14383 
1 14392 
1 14425 
1 14475 
1 14482 
1 14511 
1 14949 
1 14991 
1 15014 
1 15046 
1 15081 
1 15122 
1 15159 
1 15213 
1 15268 
1 15320 
1 15360 
1 15423 
1 15456 
1 15472 
1 15514 
1 15541 
1 15555 
1 15575 
1 15613 
1 15651 
1 15656 
1 15701 
1 15854 
1 15864 
1 15900 
1 15941 
1 15960 
1 15974 
1 16014 
1 16044 
1 16161 
1 16178 
