state={
	id=1405
	name="STATE_1405"
	provinces={
		14523 14524 14525 14526 14528 14531 14534 14535 14536 14538 14539 14541 14542 14543 14544 14548 14550 14551 14555 14556 14557 14558 14559 14562 14563 14566 14567 14568 14569 14573 14575 14577 14578 14580 14581 14583 14584 14585 14587 14588 14591 14592 14594 14595 14596 14599 14601 14602 14603 14605 14607 14608 14609 14610 14611 14612 14613 14615 14616 14618 14619 14620 14621 14622 14623 14627 14628 14630 14632 14633 14634 14635 14637 14638 14639 14641 14642 14644 14645 14646 14647 14648 14649 14650 14651 14652 14653 14656 14657 14658 14659 14661 14662 14663 14664 14666 14667 14670 14683 14703 14708 14713 14717 
	}
	manpower=0
	buildings_max_level_factor=1
	local_supplies=0
}
