state={
	id=165
	name="STATE_165"
	provinces={
		28 34 36 644 645 647 648 649 650 651 652 653 654 655 656 657 658 659 660 661 663 665 1694 1695 1696 1700 1709 1721 1728 1745 1746 1748 1749 2562 2563 2564 2565 2566 2567 2568 2569 2570 2571 2572 2573 2574 2575 2576 2577 2578 2579 2580 2581 2582 2583 2620 2621 2622 2626 2627 2628 2631 2632 2634 2635 2637 2638 2639 2641 2836 2880 4094 4095 4096 4097 4098 4099 4100 4101 4102 4103 4104 4177 4178 4185 4189 4596 20241 
	}
	manpower=0
	buildings_max_level_factor=1
	local_supplies=0
}
