state={
	id=166
	name="STATE_166"
	provinces={
		26 29 30 31 37 38 40 42 646 662 664 2012 2013 2014 2015 2017 2018 2019 2020 2021 2022 2023 2024 2025 2027 2028 2029 2032 2033 2034 2037 2038 2039 2040 2041 2042 2043 2044 2045 2046 2047 2048 2049 2050 2051 2052 2053 2054 2055 2722 2725 2729 2734 2735 2737 2738 2739 2741 2743 2745 2746 2749 2753 2754 2756 2757 4041 4424 4425 4426 4427 4428 4429 4430 4431 4432 4433 4434 4435 4436 4437 4438 4439 4440 4441 4442 4443 4444 4445 4446 4447 4448 4449 4450 4473 4574 4576 
	}
	manpower=0
	buildings_max_level_factor=1
	local_supplies=0
}
