state={
	id=167
	name="STATE_167"
	provinces={
		305 309 313 320 321 323 324 334 342 346 347 348 353 354 355 359 590 591 592 593 594 595 596 597 598 599 600 601 602 603 604 605 606 607 608 609 610 611 612 613 614 615 616 617 618 619 620 621 622 623 624 625 626 627 628 629 630 631 632 633 634 635 636 637 638 639 640 641 642 643 1114 1129 1143 1147 1149 1164 1166 1171 1751 1752 1755 1757 1758 1760 1762 1763 1765 1769 1770 1772 1773 1774 2016 2026 2030 2031 2035 2036 2654 2655 2657 2658 2659 2660 2661 2662 2663 2664 2665 2666 2668 2669 2670 2671 2672 2674 2675 2677 2678 2679 2723 2724 2727 2728 2730 2731 2732 2736 2740 2742 2747 2750 2751 2752 2755 
	}
	manpower=0
	buildings_max_level_factor=1
	local_supplies=0
}
