
state={
	id=333
	name="STATE_333"
	manpower = 105369
	
	state_category = small_island
	resources={
		aluminium=3
		chromium=11
		oil=7
		rubber=0
		steel=16
		tungsten=8
	}

	history={
		
		owner = MAA
		buildings = {
			infrastructure = 1
			air_base = 2
			arms_factory = 0
			industrial_complex = 0
			
			
		}
		add_core_of = MAA
	}

	provinces={
		9365 9366 9367 9368 9369 9370 9371 9372 9373 9374 9375 9376 9377 9378 9379 9380 9381 9382 9383 9384 9385 9386 9387 9388 9389 9390 9391 9392 9393 9394 9395 9396 9397 9398 9399 9400 9401 9402 9403 9404 9405 9406 9407 9408 9409 9410 9411 9412 9413 9414 9415 9416 9417 9418 9419 9420 9421 9422 9423 9424 9425 9426 9427 9428 9429 9430 9431 9432 9433 9434 9435 9436 9437 9438 9439 9440 9441 9442 9443 9444 9445 9446 9447 9448 9449 9450 9451 9452 9453 9454 9455 9456 9457 9458 9459 9460 9461 9462 9463 9464 9465 9466 9467 9468 9469 9470 9471 9472 9473 9474 9475 9476 9477 9478 9479 9480 9481 9482 9483 9484 
	}
	local_supplies=0.0 
}
